Iteration: 0
neuron 0 -1.6059753 5.177909 -1.7108768 4.932727 
neuron 1 -2.185495 5.868568 -1.8730055 4.084138 
neuron 2 -1.4436575 2.790451 -0.63479894 1.8495569 
neuron 3 -0.80444 2.571474 -1.4808446 2.1001074 
neuron 4 -1.0774635 2.4185307 -1.0449691 1.3031543 
neuron 5 -1.1051683 4.313669 -2.3786817 3.437052 
neuron 6 -1.4715029 3.8034153 -2.710418 3.0196362 
neuron 7 -1.1486548 3.7503455 -2.2141414 3.440589 
neuron 8 -2.6771111 5.344388 -0.29097068 5.126627 
Iteration: 1
neuron 0 -1.8174428 3.6268113 -1.494145 1.588508 
neuron 1 -2.103022 6.651874 1.8519276 3.0865068 
neuron 2 -1.23004 2.5666714 -3.2912571 2.7750366 
neuron 3 -0.98716843 3.2130303 -2.6417527 2.6400924 
neuron 4 -1.2403674 2.66103 -3.0671725 1.9279695 
neuron 5 -1.3672752 5.3576736 -3.5248036 3.8357627 
neuron 6 -1.84511 5.6371336 -3.0484872 3.1981907 
neuron 7 -1.3390146 4.474011 -2.5758345 2.425632 
neuron 8 -2.4712985 6.102517 -1.2217458 2.4703445 
Iteration: 2
neuron 0 -2.0767467 4.21563 -1.9104571 2.9896612 
neuron 1 -2.4865901 7.2929306 -4.0621576 3.6872652 
neuron 2 -1.9546888 7.070664 -3.5704463 3.691247 
neuron 3 -0.7429346 3.115764 0.09083707 1.1655679 
neuron 4 -0.7681823 3.3518803 0.54285145 2.118262 
neuron 5 -1.3886974 5.242564 -0.21503857 1.8402243 
neuron 6 -1.2060227 6.5410285 -0.34481227 4.4683475 
neuron 7 -1.2430438 4.7454643 -0.59325784 2.1354575 
neuron 8 -2.443734 6.483883 -3.112533 3.8911705 
Iteration: 3
neuron 0 -1.9861888 5.0789747 -2.598792 2.5505843 
neuron 1 -2.3545175 11.159943 -3.671785 4.0103464 
neuron 2 -0.9179346 4.3852415 -0.114114664 1.1578301 
neuron 3 -2.0259707 9.679954 -2.958914 3.956504 
neuron 4 -0.9928817 5.592757 -0.13117541 1.6626402 
neuron 5 -1.7927222 5.4376655 0.1842573 1.7054799 
neuron 6 -0.96615636 9.542432 0.2929158 4.3230352 
neuron 7 -1.8596721 6.771238 -1.0627004 2.431038 
neuron 8 -3.0345142 7.8607883 -3.5837922 2.8924346 
Iteration: 4
neuron 0 -2.3830307 4.8238463 -2.5640845 2.4627085 
neuron 1 -3.053342 8.646106 -4.00027 2.9101436 
neuron 2 -1.3737298 3.0595756 -0.1758194 1.1269855 
neuron 3 -1.0723921 3.828672 -0.11193802 0.8207996 
neuron 4 -2.2321942 8.451248 -3.4624255 2.8199756 
neuron 5 -1.3883308 5.185074 -0.2211389 0.81569594 
neuron 6 -1.3228335 5.4214473 -0.19470963 2.8832836 
neuron 7 -1.6403834 4.5047593 -0.31778675 1.9405302 
neuron 8 -3.1639762 6.749374 -3.9128697 3.3442965 
Iteration: 5
neuron 0 -1.4316775 3.3287592 -2.4002023 1.4962085 
neuron 1 -2.5769913 8.95538 -4.681372 3.2425103 
neuron 2 -1.0214607 3.547953 0.098850906 0.9768338 
neuron 3 -1.2031958 3.1202435 0.92206013 1.3654466 
neuron 4 -1.1441652 3.7044606 -0.3805426 1.2359731 
neuron 5 -2.2006965 7.731909 -3.8861182 2.7611387 
neuron 6 -1.3377897 5.4638977 -0.49116203 1.6653154 
neuron 7 -1.8539973 5.4061027 -0.51073945 1.7899395 
neuron 8 -2.5742955 6.2722893 -4.0079956 2.8386683 
Iteration: 6
neuron 0 -1.9954594 3.886569 -2.93882 1.6715393 
neuron 1 -2.5415263 8.2277775 -3.4334073 3.0084488 
neuron 2 -1.300241 1.6570059 -0.61654586 0.5673827 
neuron 3 -0.669497 2.6555736 0.39964437 0.63380027 
neuron 4 -0.8495638 2.293067 0.29381114 0.8798495 
neuron 5 -0.9525369 4.238259 0.13698733 0.6768425 
neuron 6 -1.7039974 5.6826015 -2.4037938 2.398916 
neuron 7 -0.9545293 3.0432189 -0.33724734 0.71888524 
neuron 8 -2.5975611 7.1461735 -3.6187344 2.8783448 
Iteration: 7
neuron 0 -1.7023829 4.2523417 -2.4115224 2.0747988 
neuron 1 -2.5340674 9.333568 -4.1893554 3.3492184 
neuron 2 -0.87445545 4.0620418 -0.14986151 1.5329992 
neuron 3 -1.468806 3.3353536 -0.32364997 0.9397998 
neuron 4 -0.96618825 5.7794447 0.70821834 2.5920537 
neuron 5 -1.8641013 5.3708987 -0.11222705 1.2378109 
neuron 6 -1.3697166 5.6442065 -0.9087932 1.5944253 
neuron 7 -2.235597 8.315761 -2.835789 4.1552258 
neuron 8 -2.828921 6.9335833 -4.537949 4.1552434 
Iteration: 8
neuron 0 -2.3374736 4.8249617 0.62518823 2.7705753 
neuron 1 -2.2618566 13.078912 0.10989093 3.9028773 
neuron 2 -2.0157447 5.5501437 -1.9054646 2.0704052 
neuron 3 -1.7998283 4.2843523 -2.6901226 1.9856809 
neuron 4 -1.599257 6.392235 -2.1522367 2.1950321 
neuron 5 -2.2436216 6.3468337 -3.6721835 3.1638155 
neuron 6 -1.5683467 7.259591 -2.9389799 3.1813796 
neuron 7 -1.7816314 5.787031 -2.5743759 2.2206807 
neuron 8 -1.1514403 13.11447 0.8002244 3.760196

